1813
2526
6610
-5537
-5756
-2492
-1086
6052
-4541
9212
-6812
3247
-147
-7634
3219
4475
1013
-3133
5613
5898
-6630
9873
-1601
4306
9943
-2558
5445
4161
5971
-6259
-4959
-2062
-8462
-5273
5360
6
-5059
1590
-8632
6744
-8173
3732
7605
5604
-427
8284
-9580
5995
2836
5431
96
3812
873
-2860
-3288
-4424
-3908
-4174
4644
8252
1311
5991
-391
-5452
7132
-8392
267
-2543
-8829
-542
-2719
6049
-7775
6010
7688
1339
-6129
-7318
5826
-4669
-5040
-5231
-208
-4499
-5015
-5021
-8087
2262
-6949
3942
3212
5041
7382
6484
-9585
-9879
-994
-4778
-8271
-6343
3573
4939
-4723
3895
-4498
3445
573
5740
-6935
-8737
4177
-8792
4765
9079
-646
-7890
-4544
7650
7769
1818
242
-1582
4001
-7575
-9059
5592
6433
-4768
3961
-6011
4368
-5080
-8478
-6570
-9670
-6863
4712
6153
-5238
-7722
-3947
6769
3546
7871
-7896
-4288
1271
-9178
-5655
-4520
-8737
-1950
-3262
1105
5535
-2599
-104
1322
8923
-5340
9288
-7249
-76
3767
9161
8833
2248
5310
5396
-7492
-5286
1417
809
-9352
2668
-4703
5339
5979
-4894
-9040
-2791
5514
-5364
1051
6249
-7036
-1467
-7808
5470
1948
3064
-9746
5299
-4788
-5742
3957
8871
-3519
7125
-1804
-742
-7811
-2164
-2233
2274
1259
-8391
2550
9601
1492
-1872
6053
-6626
-6966
-2494
2675
-3345
8057
5892
-7692
-2841
3541
6688
6225
-8912
8100
-914
-706
5474
257
-72
-1042
3017
-2267
-185
-1019
2175
5110
8922
-6022
5863
-129
3437
-2104
6214
-7757
-4257
5459
341
-7905
-385
9493
1221
1206
-3623
-5736
9394
-9068
8
-7437
4327
4222
-5589
-349
5156
8256
-1527
-7085
-3346
3235
-8347
9652
7702
-900
2118
6894
3846
2456
3398
3418
7442
2977
5479
9915
6016
5853
-249
-2064
8554
-3740
-7265
7947
-851
4127
-3218
481
9796
9150
-9464
3241
7853
1832
-5402
-5645
-9155
-8259
-5483
-6706
-6016
-6132
8837
-6686
-19
1998
-146
-9766
-6781
-9856
-2460
553
5759
9639
2875
-3038
-7576
8690
-6486
-9289
5826
1556
900
8822
-9592
4098
-8509
4207
7543
-2512
7143
8991
2065
-8303
-3811
-6125
-9464
6327
-7973
-485
-7723
-117
-53
826
-1417
-86
1390
6559
9351
9410
3834
-5631
4103
-8277
1885
7078
-2369
-163
9011
2535
215
8221
-5607
1064
-5433
7678
5715
7833
-753
-894
2921
-1935
3673
3857
-8322
4092
1662
-3111
43
7135
1426
-7114
-7877
-2179
4923
5831
-1172
1335
-7570
-6811
-2425
7135
-4672
-5006
-5393
4478
4128
-1930
9038
-8631
-3659
-4592
6967
8392
-7992
7347
-6405
8550
-6675
7375
-1477
2610
-5157
4897
8768
-1185
4738
-6435
-7526
1429
-8031
1286
-8186
6988
-3833
5791
-6571
6127
-4044
8951
-8518
-2643
2483
5294
8784
-8335
-553
6399
-4096
2114
5949
-530
-7789
-2453
1466
4080
-9964
4845
-5935
7778
7379
-965
9194
-259
-3151
-478
1840
285
-1949
9553
-4797
-9491
-1024
-2868
3932
-6408
2947
4313
2342
5441
8734
-4751
-9308
4030
8605
-9483
-5631
672
6655
7026
-3449
-4082
566
-7298
-5885
9080
554
6949
985
6664
-4155
-4392
117
-2734
6986
3365
4896
-9195
-9685
3683
7075
-9972
6738
3888
6138
9993
-5977
-2591
811
-9122
-8908
7116
572
-2549
4063
-5884
-291
-1564
-7127
-2972
1108
1841
4014
2162
-2030
-943
7468
992
-2427
-9382
-7000
-5956
7205
7175
-1693
-7556
-6067
-8816
8904
5319
-3459
1630
-5822
-5459
7083
78
-3140
9138
1830
6340
4025
3
2898
-6311
-2959
-7244
-2190
-7409
-1050
2444
-113
8614
-4302
-3817
-1654
-1810
7518
8776
-351
-9345
8962
-8423
412
-273
7722
5010
-9651
2700
-2129
-9552
1463
2649
5289
-3548
999
-4771
1099
7840
-2418
-3707
243
6367
2230
-4048
6201
8822
8467
9304
-9876
-2379
-5786
3885
-9336
1302
2366
7912
-4338
8957
-1788
-7290
2077
-9531
1595
-6890
-2514
-7989
1009
-7862
-9166
-5934
3614
5727
7034
5861
454
-7041
2416
-1137
4402
3477
-9299
-394
9855
-3076
2404
8703
3781
-1081
5563
3105
-2897
8161
6961
-6110
9549
-9841
9212
8684
6054
8778
-1342
-140
-680
9600
-9213
-6514
4974
-3304
4366
-6007
906
5585
-709
-1820
5630
3075
-1697
-3666
-9178
471
719
1096
-7069
3852
1500
8163
4565
-7059
-9646
7015
-4562
-1162
-683
3624
-2331
1268
-6261
-7450
-5833
-7475
1616
7066
-2347
7785
9456
1641
7059
7495
9172
4907
5238
9730
4522
-2733
7098
-3921
1398
3031
-6325
9539
-3994
-4538
5682
-9818
-3143
-4715
1762
-5976
4811
-1184
-6978
1340
-2038
1147
-4632
-2966
-5654
-1091
-2427
-595
561
7190
9706
-6996
1702
7608
9713
2174
8613
-5775
-5102
-4399
9339
-9076
7517
855
-5325
-6336
354
-5572
-618
-6201
6815
1936
8026
3212
-6874
1895
3085
-2299
-653
1238
-4951
-9119
8723
-740
6768
9589
1955
-605
-4638
-554
-9516
-7104
-1134
6281
8166
-2243
6715
-6973
-8488
4133
-2683
-8363
8714
-3948
3375
8292
-6638
-6832
7395
-1175
-106
745
-6499
-4913
927
-1087
223
-9249
-331
-9126
-5757
2410
225
1738
9407
-4366
9904
-1394
9486
9530
-7757
-6721
7928
4541
3024
1967
-3877
-3817
4937
-1089
-3481
2461
659
5076
9746
-1027
-3617
-1115
7170
5285
-2382
-6421
-6382
6781
-6567
-5597
636
-1443
-9827
-2075
7301
3943
5982
-1612
488
5197
-8308
-7284
-8214
4315
-4150
-7378
-648
-1889
-1965
1322
284
5071
-8557
4890
-5116
6473
7233
785
277
5230
-7765
-3976
2318
-3395
-9506
-7345
-9631
1278
-8323
-9986
-2020
2754
-2121
-8108
2876
9779
-4587
-8188
6306
-7229
-458
6290
-3210
9072
2710
485
8588
8704
-2129
818
-8788
8326
-1176
-7892
-675
-7024
-7391
2459
3431
-7229
4703
-3740
-6262
-6912
-1312
7449
3647
9241
6042
2496
-305
-9061
2491
805
-1436
-9822
-7556
-9849
-3895
-5615
-7186
-6770
8793
5094
-4843
244
-4350
9438
-7594
-5872
-950
7029
195
5062
9281
1342
3242
4984
-3609
-2385
8206
3785
2334
-6964
3311
9097
204
2897
-2245
2049
-4198
-6030
-9028
-2538
-4593
3101
1936
-6905
2071
9270
1813
4381
-913
3892
-7154
5054
-6844
8441
-6702
-9710
2125
-2353
-1225
4855
3918
-8987
-5376
7752
-1956
-6330
-841
1027
-7945
-151
1023
1375
-9421
-2431
-2479
9957
-564
5128
5554
-9293
5643
-3565
4828
9030
-4149
-210
-5799
2425
6814
443
-5305
-7212
-1980
-4173
9748
4503
1592
-5255
3331
4023
8547
827
1605
8418
-4825
2465
9127
-5921
-7151
-119
1057
-366
7800
-2739
-8489
-6780
-2859
-8295
-9331
-3550
8156
-7745
-8238
-7782
4669
7217
4024
1755
-7121
1904
-781
9125
-8428
9077
-8906
3144
3214
5139
-3413
9758
-1201
-7934
8302
-8994
9359
9258
3686
-1374
-7182
3771
-2865
-3497
9684
4495
3144
3760
-863
-1338
-148
1429
-2252
2338
8367
-561
6513
5613
2852
-6366
7819
3992
-4060
-6567
9920
4165
7728
-7937
8707
-2849
2141
-2095
4063
-18
-4756
-4239
-6452
-7341
4150
7357
-5436
5063
8476
7945
2509
5000
3347
-1210
-7077
1575
-2258
-2780
-4877
-5406
5656
-2028
8875
2202
-9012
872
1475
6950
-1252
4902
9089
7545
6265
9640
-8255
-4683
9296
-3621
7728
8984
-6014
-7749
-1151
-9823
-2257
9423
7745
5371
7265
-8563
4028
-5182
6759
-5691
-5801
4784
-7316
9526
-6708
974
4320
-6710
6105
3137
-3719
4817
-6177
-9050
-557
8059
-8534
6124
431
1566
-669
-8875
-1511
964
-8447
-2023
-4935
-7208
2443
3214
-1175
-187
7403
8987
3466
-1451
105
-6177
8170
6204
7055
-4150
8926
-923
-9531
-6436
7992
-8600
6696
6093
3512
-4141
8932
-7911
280
1687
2134
6811
186
3345
3665
-4124
7606
-9832
-232
118
-5563
-3261
-8563
-6758
180
-2497
4802
-2219
412
6440
2365
-4686
35
587
-272
-8343
3073
-4854
9182
-831
8592
3521
-2977
6469
2365
6841
-286
-312
3382
1876
7699
6914
8547
-374
5082
-3937
-9476
6662
2881
-8431
-707
-680
7704
9585
-2349
-7391
-6998
-4310
6237
4284
4795
8763
-4437
2794
-8995
8241
-9802
5038
5599
-680
5264
-2885
9065
3080
4785
-7757
-7306
8085
9584
8074
-7377
-8011
6119
-937
-8022
-8490
-7161
1477
-9532
5612
-7221
-4011
4995
6020
-1224
-4684
-616
-9818
-4472
-1850
2229
6176
-4274
2327
-2095
-7146
972
-2010
-6255
-1064
8032
-913
-2063
-6801
-7174
-1307
7071
9343
-679
937
-17
-6816
-2924
2248
-1511
8450
3871
-317
6450
-6980
-8386
7167
-1687
-4045
-4999
7793
6805
2204
2437
7138
5175
-8536
-3780
3619
-5959
-5533
4349
9247
-7658
-333
-1504
-1971
-3410
265
-2379
8065
7778
2786
-1887
-8408
-816
2114
4294
4607
7632
-589
-2125
3841
2371
-3163
3802
8286
-8102
-2651
2332
6551
-9674
5274
-8161
4683
-3703
-9682
-3052
-5944
-6707
3716
-7887
-8459
-7223
8176
9923
4237
184
-1727
-9085
-5176
9498
5979
9986
6329
-4114
-6983
3432
-9833
4083
-1008
-5616
-7135
6254
-6772
1565
9709
6556
9128
3745
-6688
-454
-6193
-5492
-1598
-4167
-3812
7850
-2983
-8336
-1812
7271
-7415
-1865
-9129
8850
9959
9245
-333
-2608
1691
-3427
6053
-4567
595
-6153
6444
-1158
-7403
8683
-9359
-2653
2205
-439
-6200
5954
-1567
-6257
-4610
7062
1856
5770
3534
-9156
-997
-4539
-2299
-5166
-1831
-6816
-9585
-5209
-7344
2902
8686
8918
-8958
-4686
-9742
8772
9814
4619
-6936
401
5803
3299
5091
-7351
3920
9201
-5136
-3423
-221
9522
-1150
-5797
-641
200
-6198
-8166
-5642
-4761
158
2596
8020
3855
8798
7217
5185
2443
-8186
-7581
5823
814
-2097
5191
-9771
-683
-8229
296
-8050
-6608
801
2462
3329
-8321
1336
-5336
4174
3171
-5650
-276
7692
5721
-4764
-3186
-8481
-3100
-4828
6959
-4277
6038
3241
-2883
-4410
8552
6240
7075
8227
687
-3529
9036
-1740
8964
8164
-5221
284
-4863
-5539
-1288
6516
9933
5058
-6228
-1653
-4974
-6746
-2476
4986
2880
1256
-8676
4658
1717
-6749
-5580
8954
-2393
-722
7115
-8476
-9871
-3564
5987
1398
2929
9825
1427
-8328
-1890
3908
7208
-3591
6452
6011
2183
-3657
-5782
-6314
4891
-9324
5828
-3643
-7185
1452
5035
-3739
6754
6792
-7136
-7562
-605
2426
-4937
-8714
-4662
638
-7976
6405
-7181
-39
333
2377
6121
-5673
2896
5428
-8277
-2927
-4320
8633
-6447
9107
6541
1836
1957
1426
834
-8657
7220
696
-6818
-1387
3963
-990
-3223
-1035
1256
-2787
-3535
-8572
-2353
7410
215
-8879
-2069
3571
6398
152
-4210
-3016
8153
-7277
4894
-6895
-7206
1316
-9967
-86
5588
-7725
-7994
81
-8912
5903
5312
3316
221
-8532
4474
7917
-5916
6572
4131
9614
-9096
-5781
2042
465
-8094
-5008
-6797
-9916
837
-1200
-9207
-5319
-2318
5660
3375
-2206
-8982
-5834
-196
2528
7405
6995
-4527
9878
4596
-2238
-6377
7859
1103
-7484
-2604
-2251
-4687
-5365
-9095
6634
4879
-402
-580
-730
2271
-8284
3782
258
-7530
-4363
9449
-9569
-9994
2260
-7277
-7125
-8644
-1338
1075
-2251
2123
3653
7348
2388
4748
-41
2792
2648
-979
9394
500
4935
939
4353
6561
5961
-1656
-288
-5979
-435
-3901
-8617
-2842
6628
8392
114
-2124
961
3092
-2625
5875
-8377
-7226
-140
7621
-1352
-5051
-4558
5936
-6894
3839
8997
7062
-7206
-2987
2515
6173
-8364
7474
-2919
952
-7735
-1033
7243
8385
1729
2160
8961
2293
6084
4159
-7774
-4902
-4822
3576
5377
1163
-9143
1918
8693
-8777
9831
486
-8440
-627
-8995
-5858
922
-2449
-4025
7469
5081
-6694
-4344
8903
-8466
9533
-4960
-6283
-916
-142
7756
-910
1189
-7271
8771
5199
-4437
1897
4743
5185
-7825
-1228
-8733
-4532
8933
-3066
3566
3483
-979
-3787
5665
-8516
-4021
-4805
4849
6475
4454
-6993
-3688
7756
4557
7697
2281
2724
-6286
-7572
-1685
6486
-4420
9510
5420
-115
-5853
1046
6651
6582
-4505
-1002
6198
9384
623
-9334
-9698
4190
7384
-1717
-147
-4780
3793
4040
2621
5054
-8364
8478
-8659
-5508
3040
2539
945
4840
2942
-817
3935
6464
-9053
5139
3666
3961
6574
-1481
-3546
527
7923
9365
-8866
5576
8640
-2884
-2445
-7639
-2585
2119
4971
-451
-6563
-2627
5681
-8095
-2335
-3727
1330
7584
-7601
1816
6181
8088
-7292
-8573
-4104
-9155
-8573
-2645
4701
9454
-620
5156
-9974
5867
7221
4661
7759
2980
-9942
7704
-654
-841
7757
-4410
7358
1544
-4256
-1885
-6240
6838
-3175
4375
6570
3276
3327
-7827
7924
-6009
8466
-1198
6050
-7323
1077
2751
8422
-447
804
-6427
-4333
770
8666
-7472
3696
1167
5226
-3423
5179
-4566
9764
7846
-907
-3600
257
-7844
-8101
-9181
-3503
4811
1483
-9035
8121
1906
-2033
-1041
-9031
-9156
1666
-6052
-2129
-3900
3926
-6071
8869
5962
-6510
9442
3369
-211
8538
4861
2425
-7763
6173
-2174
2786
9230
-6490
8728
8977
-2121
-6988
7413
-1378
-6970
-1182
6899
8389
-5372
-1778
9938
5699
-1783
-3784
-6022
8120
7471
-1325
-5274
1128
5689
5781
-9662
7775
-644
2459
-455
-7961
7883
-7007
5926
4659
-3297
179
-5893
30
4749
1556
6417
-5857
6549
1217
-1366
-4304
-1368
-5186
9228
418
-1725
524
5797
-9210
6418
-7081
7017
4757
-7952
8342
2263
-2164
-6946
-9007
8214
-7092
8018
4799
813
-2633
6076
3367
-3526
-9390
5257
218
-1438
2706
-1264
6805
1797
784
7077
-4535
6767
2278
2230
-7638
881
-6531
6405
-8096
536
9239
-733
-3898
-1158
9314
6408
-9451
1516
748
-1056
-9022
9546
-3966
-3944
7963
9760
5790
-5955
-3874
8756
323
88
-7086
4042
4502
-2018
-1073
-391
7716
840
-485
-7813
6228
5167
2416
-1532
-9562
-9415
1582
-5456
4667
7542
5892
-3760
1695
1964
-5933
-3534
8719
-5047
-1216
6967
7991
6223
4110
-3299
-9572
-1421
9555
3696
-7813
4499
-8678
-5262
-5799
-7725
-9861
4010
-152
-419
-16
-5186
6033
404
-7804
4500
1143
-3552
4803
8340
-6562
6537
885
-3826
-8656
-4896
2842
8388
-6125
7219
7665
4857
-210
-8665
8191
6119
6062
-9079
7059
-5930
-7827
5142
-3147
160
3345
-6739
-4097
4838
-4658
2680
-9953
-1947
7745
-4275
1796
-2439
234
3075
6710
5942
-8647
-4082
9037
-4021
3181
1543
39
4644
7113
-1931
8454
-1228
1016
6145
8380
5758
-8018
2663
4329
-8422
6824
4449
7021
7552
-3403
-6761
1795
-3188
9212
-5507
332
4882
-5597
-1543
-5750
1632
-450
4572
-5313
7548
-8080
-8759
-9701
1514
2942
-4239
-3316
-3147
-2213
5573
3288
2131
2321
-5365
5411
3352
2193
890
9726
-7625
-7796
5978
-8012
8602
-682
-9124
-6240
9541
7631
5275
-1908
-5357
1986
-5617
8686
-3078
9201
-35
-6550
1670
-4615
6288
-1660
-3568
702
4889
1051
2287
-48
-7134
5836
-4254
-2407
7850
-2561
3215
4116
2600
-4215
7129
1592
2783
7888
2295
6946
8852
-3156
-4737
3734
0
7294
6691
-3032
888
-4565
-5792
6763
2165
8962
-1091
3717
3617
-2725
5049
1181
-1336
-500
-7800
-3425
3879
-9111
9872
4613
9033
2302
743
-9441
-4440
-6876
-4344
-6026
4743
5084
-9803
3474
-9286
6721
-3638
-9436
-2853
-6249
-2642
-4139
7916
-1208
1023
-9288
5575
-4005
4855
-2637
-6475
4539
-1864
-5959
1627
6555
-2346
3523
-216
3082
3779
-3732
-1537
-1960
-5579
8717
-5113
-7149
-6015
3423
8042
6757
3231
-6075
7740
5438
9429
9542
-984
-9863
-7718
-9674
2602
-6150
37
7377
1188
-7322
957
-1751
7229
6798
9419
-4766
-3844
2178
-8613
-7862
3910
5513
6503
5331
7085
4137
-3894
2311
-5696
7425
170
3155
-8402
6162
3052
666
-3991
-9012
3498
-4894
-6853
6145
856
-5936
1710
-1010
-869
2402
-8954
-7775
-2770
7349
-7692
1
-9004
6058
-5901
-6832
-8912
2072
3848
2388
-6786
-9719
2394
-6186
676
-7037
8037
2619
-8012
-7312
-9545
7810
5233
4874
-7780
6214
-658
-3332
1282
7711
-1887
-3421
8359
-7356
7800
9044
-3360
-7468
-4748
-2370
5708
2187
-7657
9372
5683
8683
-5154
-9897
-6424
9467
7866
4034
7786
-5887
9052
-6807
4173
-6417
-7269
-5750
2177
-4830
9316
6128
-5695
-9722
5714
1676
-2154
1258
-7889
1135
-3313
-7360
169
-3419
-109
2496
5501
7434
-1216
-5587
-7569
2520
-1232
-5303
6576
4050
7954
-2223
-6446
4627
-4030
8734
-5591
-8133
7044
6724
-3961
81
3467
-8212
1264
-7947
-1244
-2559
6924
3140
-1410
2936
2845
5897
800
7166
-8909
-614
-8955
-9790
5249
-2052
-3587
1829
9958
8409
1196
-3545
1066
8245
-3883
-3156
-146
7963
-7927
-3824
4439
-8831
1251
9152
-6139
736
-1928
1700
-3275
5973
6575
-87
-7960
-6227
9439
1490
8050
9500
9568
2137
7328
-9521
-9531
7367
-8446
-2856
1053
1221
158
-6201
8581
6936
9643
5413
-9449
6296
7283
9815
2985
-1633
-2233
-2614
-3953
110
718
-7209
-2827
-3183
-8633
8022
3622
-2130
-893
6720
7057
-1646
-759
4404
-2529
3714
-8966
1349
-3645
-4025
-8711
-7763
-3041
6314
-916
-6971
-6964
-640
-2338
8866
-879
-707
-1057
-6420
387
472
1283
6717
1675
1320
1316
-9033
3561
-5507
4208
9057
6748
2989
2654
3335
-7455
-3722
-6198
-9016
-5684
-5395
-263
-2422
-6300
1778
8261
3145
-7872
-2442
5269
3334
-8310
-6658
-2693
-331
7292
-8329
9149
-2672
6674
-6066
741
4633
-6027
1589
-6729
-8306
8554
7153
8364
-7861
-171
9637
-5700
7380
6669
6894
2536
-1571
9183
-612
-1979
8791
9285
-7441
-5766
-9879
2359
-4355
-1389
-5829
4096
-8654
7059
-9506
-8027
-9013
-8430
-2131
-8893
-9686
8147
-3957
-169
1380
-3014
9332
-4284
3457
-4676
5531
-9037
-7750
5507
-8012
3435
-2212
-726
3515
9729
9949
-1711
-6793
-6928
5364
-8218
1529
7401
-6682
-5663
-333
4971
-9099
-5108
-721
-5245
-8425
-6030
5792
9198
6490
-4743
-3450
638
5116
1524
7503
8357
9440
-8863
1901
8440
2027
-4967
-9735
7382
-5503
2283
6862
6272
595
-7129
-5004
5232
-5055
4777
-9923
8867
-4703
2784
9964
6821
-4035
-2204
1504
5943
-5181
6888
-7145
-2329
8370
-7348
-2487
3996
-7163
8712
-1007
-330
3352
-4820
-5664
693
-1958
2624
8832
-3123
-3636
-4841
3459
-1839
-2013
-9137
7782
2432
2723
807
-1094
-6879
9952
4521
-8793
-2372
2304
8891
-9531
3390
6226
7959
710
-5816
-2184
217
-5829
-680
1521
-3829
5391
9817
-5250
-7040
-3976
7161
-468
1200
3506
-3836
536
-5446
-8118
-65
332
8992
1269
9417
-3056
-306
-8867
-143
-449
5193
1541
-9571
5171
-3820
8259
-7066
-6549
-3476
1203
1327
5285
2601
-6838
-9292
-6595
7404
2887
232
9786
-1954
8281
-3695
-9646
9373
-3589
-1116
-2407
-3134
-6017
3611
731
-1447
8504
-1100
-7802
-3609
-1999
-3642
6574
-5186
4513
231
-153
1061
8759
5218
5256
-9617
-9138
4748
6912
8053
-6028
479
-1276
2988
-6043
7559
2083
5266
6651
6245
3701
5155
-5036
-9444
1253
1801
-8087
1647
-1547
-42
-1622
3401
7415
658
-5752
-3125
4294
-1819
5583
4191
6251
1334
-5097
-7073
-4805
-6328
2674
-1377
1488
-2372
9611
3491
-748
2253
1135
5742
-5359
8243
9076
9811
589
-4579
-5976
-62
5610
-7662
-4784
-1994
-9598
2668
5926
-753
-349
3559
-6825
4038
9656
-8241
8522
-8541
8746
-6480
-7223
-1440
-2371
234
7046
-7555
-8214
5070
-4358
9429
8380
-947
-4019
9687
-7978
9031
9900
6518
5768
-4862
-1225
-9532
5394
-9584
2585
-7193
-8135
-2396
-1078
6069
-6199
9993
-8170
-5334
-4900
1186
4456
9103
-238
8621
1961
-4102
-2777
-6842
2976
8448
-3129
4007
6582
2617
7987
-4113
9724
-652
-6664
-8952
-7272
-8409
9886
-8918
-980
-5118
-3044
6603
-4461
9468
6151
7203
-9689
9740
8421
5802
8662
9721
-6234
-3309
-2189
-6037
5096
-3790
-6518
-704
-4042
-5854
8592
-8277
426
-7361
7155
-6651
2004
7443
6890
-3859
3907
9218
-455
7742
7612
9311
7067
7647
4349
-5531
2457
3846
9589
-5669
-9560
-6311
3014
-3248
4871
7745
83
1867
-2138
-4641
-9056
1732
-6235
-3214
890
-1745
1976
883
5892
-5803
2672
4835
-2691
-3635
-9225
-2885
9336
1320
-433
7951
-6757
-2186
40
5727
886
3394
-5150
2323
4047
8100
2666
2545
5394
-6598
7841
3743
8436
-4793
-2290
7455
1398
-1362
-6387
305
-6447
-9796
-1143
3494
706
4921
8289
-7673
2878
1582
-7735
-3971
8052
3020
1371
-463
-8194
-8473
1222
-6576
3138
3467
-2569
-8959
498
8450
148
-1433
4459
9137
6080
-4571
-7632
-5966
-4558
-1187
-2574
9239
-413
-9307
5717
2107
8236
-2566
4431
-1170
6094
-405
-1980
-8941
5757
-4007
9460
1732
-10
8686
-9881
9038
-7987
7556
8999
-2959
-5756
7393
8699
9189
6595
-4959
-3660
6038
1888
4220
-4295
-1391
778
7500
4467
-4139
6880
2352
7396
328
5741
-9763
7922
9335
5458
-1266
-7804
4137
3549
1976
-9998
3651
-5753
8895
7640
2367
389
666
-6097
4454
-1517
-6012
463
3846
-9378
4205
-6381
172
-3506
-7534
5300
2129
-3112
-8511
-133
9613
-626
7136
-246
8543
9833
7247
4566
-7605
-3468
-6918
-691
3246
4797
3407
8195
4033
-8699
-1726
8651
-7022
9190
-9411
3168
6085
-4046
4556
4952
-9769
-7707
6620
5537
-656
9514
4719
7395
1217
4765
-4341
2465
5189
-3184
2207
-2409
-7298
-2627
-9221
-9845
50
6311
3488
5333
-7913
8519
6024
-3281
832
3438
1137
-8678
4024
5339
8139
-2312
6668
-6256
-7975
1031
5675
-2114
4126
5386
2298
7872
8161
2192
1827
5651
-2050
-9712
5881
1758
-7417
-2731
-2586
6823
-7787
5687
6795
-4800
1347
-61
-5793
-1423
7632
8580
2356
-1298
-3600
7567
2822
-9752
-8600
-6552
5757
-8951
-6229
9497
-2455
8021
-5757
-8789
4858
-2558
-4860
8853
-4421
-4781
-7309
4269
-7289
-1237
-5026
8087
8943
7047
-1149
7516
7985
712
3781
-4008
-1321
-8742
7921
-1324
-9985
1580
6355
-9172
1368
-6471
7814
-8249
-2910
1627
2808
-7199
-6720
8484
5014
7387
1557
1687
3193
7955
7447
-1821
-6265
-2011
-5417
-8187
9608
-8298
1368
3426
6771
-647
5943
2322
905
9673
7710
-5936
-7050
9275
-231
-9378
-4749
-7942
2875
9557
4531
-6018
2315
9569
5359
6820
-2225
-2199
6933
3571
-7161
-9619
5193
-6017
-8907
-4540
5213
-8421
-843
-3482
-7353
5690
2301
4774
8099
3148
-1215
-4973
2924
99
3420
2731
7574
3969
-7369
9172
-5210
6994
-2076
-9660
-7695
-6867
5428
-5441
-413
-2157
9806
-2886
1910
4908
-836
3501
-6805
-35
8824
6150
-8282
2551
-6173
7110
1141
2818
9191
-3768
2549
-6167
6138
3415
-1365
8278
-8655
8502
9653
-8102
-2826
-7538
8071
-4864
-7512
-3453
91
5785
3824
-9341
4715
3801
6814
7692
7951
-6969
5100
-9396
-4273
8436
4883
6248
-3089
-8199
5108
8327
1561
9476
377
-1452
7594
3155
-3901
-1150
-9046
3812
-7146
-9873
4939
-5596
-6440
1029
3811
-8840
-6491
-3761
-8607
3306
7266
-1265
-4626
2740
-7410
8503
-8826
-7007
-7633
-7642
5888
610
3477
3323
3243
-9184
-38
3465
9348
-2062
-7228
-5300
3543
-3210
7585
-2623
-8427
5978
-3551
4450
-5069
-3597
9759
-6314
829
-413
3889
-8559
-1552
5510
-9890
3702
-6681
-9101
-4786
-6361
-2635
2080
3945
3511
7239
-6349
2950
-4633
1901
-5677
-6959
6496
-9850
-6364
7694
3810
1490
354
-6213
-7458
6276
-9353
-6632
422
4045
-8395
-7213
2606
353
-7200
-2099
2389
4053
8151
-4302
-673
4620
3265
-1466
-8970
-6105
-804
-7216
489
-9817
-2055
-68
2176
3986
4730
828
4953
709
8211
4521
6825
8542
-856
-5239
-7584
-5677
3325
-1739
-5345
-2055
-8570
3945
-7664
1008
4086
-7802
-1257
6203
6771
-1415
-1276
3850
-718
-3662
-8611
-1651
2963
7435
8866
6046
3585
9796
-4464
1782
-4302
-4378
8126
-5560
2289
3359
-4010
-8056
444
2220
-1488
472
-8820
7247
5510
-1099
8261
-8690
5019
-6039
6022
-825
6270
-2856
8170
-9258
5239
-6365
7975
2661
6100
-7117
-1810
2954
-4801
-5413
4019
-871
-7553
-9673
9455
9628
4213
-9828
-8150
3748
7884
-3694
-4358
7244
4369
-7639
2571
-7151
-9602
3325
-3643
4179
-380
-1278
-9711
-7096
4727
9537
-7289
3229
-7883
-5842
-1156
-137
-953
7
-8520
5093
1040
1996
-1226
1945
-7861
-6597
4096
9076
2080
-6320
-3949
-9185
-801
-1573
-2402
-4923
5620
-4098
6892
4790
-9343
539
8900
9021
-4913
1956
-154
2909
915
-1221
-8857
-4317
-3234
-5239
-6993
9892
-1517
-3941
-1096
-7406
5101
-7080
-2941
-1692
-5475
-7721
-1328
-5606
-2882
7923
-6974
-3615
-4762
-679
6733
-9673
715
1124
-4600
4839
9738
3250
-7461
4956
-7812
-803
-6572
-7627
-7285
-1616
-9987
6987
1450
1238
-8291
2510
-9216
8641
-4028
-6021
9075
7815
6545
7232
3741
823
-5590
-258
-1759
-557
-1470
-7691
6587
-6097
-3175
32
-9977
-2408
3497
-2172
-3204
-8847
-6963
886
-2335
8040
-713
5387
9227
6461
-9319
2026
3475
8206
4007
2533
-5826
7259
-5575
1480
-5466
189
-9142
9977
-8906
-4285
9252
8249
-8775
5204
-5710
-9445
8021
6290
-4555
-8891
-9477
-2764
6554
3443
4931
-5960
-7812
2209
1655
4631
5944
-3250
-6621
2255
956
-1967
-4241
-5755
3457
-3434
-7399
-4582
-780
-7791
4322
-7917
3927
9868
4731
-6690
-5829
7007
1546
-9299
1912
9107
4661
-7465
-4505
3018
-2863
-4271
5771
-755
5922
-6301
4198
3770
5900
4310
6712
-620
-405
6329
7188
552
-416
2379
8754
-1465
-7264
-7856
4542
-3573
-6277
7273
5786
4729
7252
4615
6731
6669
6030
1795
3883
1922
2235
-1884
-6089
8453
-261
6051
2551
-3768
5940
-466
-7919
-3646
8481
5293
-9279
3018
-1282
5481
-4909
173
6430
3320
5867
-9285
-3555
1466
-483
-2840
-5834
2389
-3459
-7583
6562
-3937
7825
-6488
5225
3084
9291
-5437
5687
-7768
-4569
260
6206
-3147
8804
-3654
-8524
1101
515
2601
-6714
7374
9014
6810
-512
-6931
-6611
-3575
-3887
7252
-4214
-3998
7679
-8279
8931
-9971
-621
-4699
-2322
2763
-4963
-509
-7496
8610
-8575
-1761
-3892
7100
-3595
-6675
-604
-3466
1877
7563
8026
808
2412
4624
9763
-9470
682
-698
-2260
-3180
-4917
6404
-7225
-7921
-7540
-297
4811
5951
-4802
-4234
-364
-9199
3284
859
-8660
-1581
-1196
7778
-8973
9347
1207
-8639
-7241
1365
-6349
2359
2200
646
-3074
9187
6509
-4164
-4678
-6418
6291
1418
-5026
-448
-2381
-5746
-6547
1570
-9959
-4386
3051
6943
7767
-2137
-5452
755
-2444
179
-3361
-4955
-2223
5479
-9176
3707
-1853
3184
5139
7090
5902
1805
-4525
-868
-9569
9152
-3211
1516
265
-1266
6658
-8682
-6457
-1713
-1106
-9100
-1497
7680
3518
-8160
-7231
-9458
5196
-8321
-235
-3415
-2919
4263
-7644
3851
-1782
2938
9143
-9405
3005
4386
5227
-9877
8485
2459
9938
-8826
8222
-4240
2582
-3759
8718
-8471
676
-4123
-8648
-9856
8079
2526
952
-9443
6439
9788
7427
677
-9015
8029
1118
6834
-3411
6307
-4911
-478
1547
8146
7710
670
-2927
1058
706
-4231
6735
-1266
-2554
-510
-3759
-7025
-6553
3986
6547
-7807
-9147
4850
-5462
2107
9007
1821
5673
-5847
6051
3807
8252
-596
6498
341
-7758
7023
756
-4203
5078
-1482
-8514
1479
7908
-7187
-9049
9847
-7482
5474
5903
298
-5570
-1396
-5892
-9356
2227
-2075
-3036
-3059
-9740
-2390
-8800
3454
4866
-9247
-3763
-1793
-1571
2182
-2724
8760
7059
-5822
3856
6432
-1804
-6834
-1210
-7231
5127
6749
2309
7114
3147
-7054
346
-3084
283
-3265
-2610
-5868
7334
1969
6896
-6479
3381
-7917
-4206
-2492
-9122
-2451
-9543
-1511
-1392
-6702
1478
-9230
2399
-535
-5441
5841
2440
826
-7685
-2397
-3592
-4007
-1075
-2256
-9399
7276
8593
-5411
2571
9737
481
3391
9835
-4312
3230
6352
7521
-7211
-2808
441
-7868
-3848
4884
6632
5734
-415
4947
-8150
3074
-722
-3830
1634
9429
-2403
5373
-7286
-9250
3674
-2932
2064
6729
-4694
-1987
-8601
-7101
6512
-1447
-4750
418
3584
1901
-6185
8330
2269
-3440
-2820
-9597
-5208
-6594
1492
3086
-2491
-2669
-7794
8211
3390
-4174
-480
-989
5128
1703
3367
8770
-5393
-9794
-4558
-1713
-6772
4984
3226
3015
8010
-6243
-3879
8244
1796
6777
-8776
-2937
-1589
7726
-6467
-1411
8108
6344
-3414
-3619
-3
-9497
-2119
-2826
-8603
-1895
6762
3303
4856
6685
-5232
-8243
4540
-6874
3439
-1072
5470
9242
6939
5237
-1543
-9329
-5157
-4890
6962
8483
2168
2059
9042
-4127
553
4338
8117
738
-5201
4985
-2852
-4927
-4377
-756
6897
-3759
4795
-9891
7681
-8198
-4586
-4438
-1955
9526
-2018
9807
-2056
-956
-9564
879
-1370
9815
3830
-8670
-4417
-8005
1049
5350
-5945
-5720
-4868
-5057
3966
7210
3093
6694
-2148
4379
8394
-1815
9011
-7326
-2844
-3730
5260
-7872
8650
-9618
-3204
-9434
5689
-8657
-5191
-3850
-9520
3898
8029
-5068
-3174
-8324
9725
43
-2728
8210
-7888
6344
3924
-9703
8964
-3006
-108
4660
5691
-3133
8662
4297
-7301
-6153
-9733
-7028
4465
-4901
-2425
665
7063
-2504
-8706
-8452
-9795
939
8214
-8056
4560
6723
7140
-3495
8781
4956
-6492
-5124
-7706
-7073
-2338
7359
-1453
-8519
7678
9384
2822
3193
5030
7229
2117
-2074
-3351
-8157
6601
-3471
-3422
3264
-36
7255
-1494
-9400
-1625
-4029
4797
4181
-9360
4940
7325
8185
916
-3701
3640
6892
5610
1882
-9365
-9217
543
-802
6303
-3388
4719
-1267
-4348
-9603
-2534
4412
9858
-1296
140
-3390
-9017
-7438
1608
-7810
-666
8966
1215
2432
9593
-1987
-7959
7090
-9277
-161
5345
6277
6120
-8713
4302
536
9794
-1631
407
6415
3355
3662
-5516
-5771
-3205
7625
-1841
-6921
8595
-7347
2161
9283
4164
-3364
7009
6810
5861
-8466
916
5126
4636
-7994
-2531
-1077
-4983
5178
-7695
-2652
-7475
3441
785
3514
8497
-3845
-8755
9020
3554
-593
3579
-9788
1999
-8056
2838
-5192
-2366
5185
9927
6909
6418
2312
-5213
420
4374
3377
6172
8894
7517
-5291
-8179
6356
407
3044
-4209
-9425
-6097
-8313
5027
-3895
-3047
7043
5988
4396
-6662
5078
4348
-9855
-8173
-8266
1655
-290
-6320
-8626
-146
5197
-2355
3545
-2529
4279
-335
2517
8642
-8158
-5750
-364
-5056
-3711
-790
-2890
5326
4725
1868
-1386
-1465
-4727
-1852
7927
4021
-4781
4592
7315
9117
3496
6869
2571
-1114
-6300
-185
-7827
497
2577
-7855
-908
-5421
-6536
1719
-2773
134
-8248
-2403
427
-9057
7552
-4280
6359
1429
9963
-621
5991
9828
2616
3519
-1165
6953
-8223
-8896
4557
2266
-5503
-701
6996
1202
8025
9640
3709
-4378
-3497
9597
-4456
749
2424
-2930
752
-6430
-9760
3216
-76
-6228
1005
2739
-8354
-1989
7082
-9181
-4408
-1795
-2924
4735
2117
8597
-1412
-3348
-2730
4101
7781
6835
2581
-4352
-8933
2471
1467
-1450
3159
6706
-1639
6423
-230
-1444
-4238
-3271
2738
633
-1757
8705
6349
2223
295
-6027
4147
-7119
9310
7985
-7160
5264
-6391
-2812
3006
6765
-8223
-6663
9502
1692
-2399
963
1502
-7718
-1306
5273
-4191
-3588
-6182
6289
6804
-1465
-9983
-7421
3043
-9165
9626
-7095
1116
-2455
265
-8019
-3062
7589
-2364
-8071
-7227
-6734
7887
2638
-6036
4705
-6575
8043
8383
7402
-3878
1581
-6930
-1898
7687
6555
-5798
-9446
8150
7316
5755
-1887
3246
1837
-6526
-5462
-4763
7958
9407
-6754
6983
-2367
-1763
-6450
7553
-3960
-3548
-9468
-3982
-3870
1247
-5958
5106
3358
634
-6433
5266
5756
-3355
-5235
-2035
-2784
7611
-4409
1120
8631
-749
2665
-7133
-6364
-3724
3283
-4733
-3972
-9019
8340
-8420
5398
9038
-6914
8129
9333
5936
-7167
-5433
7196
2776
2824
-7731
9474
-5912
-342
9893
7616
-5322
4141
9809
1202
9729
-1856
9261
5176
-8303
816
-1508
4044
6901
5014
1192
-2025
6771
6337
2156
-87
3582
-4082
-2398
-9200
-4567
5453
9271
3551
-7512
5456
-2602
4882
3218
4519
8766
-6445
-4361
6644
7381
-2429
6396
-5028
-9113
9394
2565
-9996
-8065
-4331
-1675
193
5761
-6997
4139
-8147
8982
-4723
6437
-721
9634
2099
-4986
6135
1045
6906
-3890
-7458
-3861
7511
1609
-1138
7458
4040
-6077
-1794
1022
-9778
4686
-6701
-1537
9366
-7517
2624
352
-5017
-5925
-6386
-7195
5081
6580
-5012
2430
8098
1410
-3478
7821
-2883
-2235
-1099
4653
3075
8426
6708
8616
-3530
-5473
-7792
5595
8891
-4916
1268
-1300
9080
8227
-6752
780
1371
2808
7352
666
-4461
223
-5398
5645
7066
-9348
2676
-4030
-2987
-8328
-1010
-6526
455
-852
-9650
5040
2459
-5909
-455
-9064
8934
4937
-5664
4442
887
962
9250
-9211
2102
-5056
7619
-634
-381
8113
6987
-1582
-4362
-6932
3923
1775
2668
-8405
-2474
4044
-5006
3697
4525
-3065
4533
-8297
-4253
-2334
-4758
-7980
-6779
-1541
5714
8185
-9237
1559
410
-302
354
-965
-9931
-877
-9023
-9391
5896
2130
-1146
2553
-9706
-4594
-3848
9162
-2052
9289
-7054
3229
4639
-3732
3961
-6030
7942
-8621
9783
-8711
-9527
-702
-9048
-3031
-2041
-2740
9450
-3055
-8183
-3157
-8851
6631
-8875
8747
-6209
872
-1677
8279
-3323
-7868
4500
-2354
-5282
9669
-5636
-7594
-5413
-6529
510
2297
7660
-3560
-9566
-4064
4774
-881
3291
-846
8163
8185
250
-4225
-6033
2550
8056
5879
6839
6859
-4962
4363
-8481
-6027
5152
-4757
7426
-7766
-3650
-329
5821
-8037
2951
8088
-5001
5559
-4759
-1148
-9447
-3991
-1279
-1018
-6478
-9656
-4930
-1345
1966
3254
8745
287
4126
3396
2884
-97
-7017
1013
-609
-4251
9791
1910
-5269
3150
-1395
9748
-4596
3217
6158
-8543
5923
-9839
-546
-2372
3299
3455
887
788
-7004
-7083
-1083
-6615
1786
-2044
-3803
5769
-9313
-3891
-671
8945
1266
9590
-984
-9649
-1795
-5839
2458
-4338
8013
-9221
-2611
-6329
2556
-7694
-5280
7047
-6032
-2871
1942
-6754
-6135
-335
-5700
-5473
-1452
2070
8835
6713
-4335
4652
7863
-9888
-8016
-5882
4995
-8617
-8602
-4663
-6033
296
-2549
5448
-219
-2412
1278
2221
6498
5844
-486
-3385
-8268
6156
-9304
6943
-4214
-2905
-8526
2346
-5436
7968
9608
-6619
-4022
6454
8618
-4531
6715
-739
-4897
5303
-5415
-8544
-6655
-5579
-3341
-4980
-5199
414
6933
3199
-6294
6141
-9503
-1028
-4045
-3506
8462
1902
1719
1466
4755
8108
-4416
5422
-8743
-6933
9417
3350
3428
-7998
-9042
5079
4554
-763
8013
9154
-1766
-6216
-4557
-6598
4796
906
-8180
4712
4426
-8665
5626
314
1012
1773
3079
-81
-650
6429
-8711
-9303
9959
3872
4802
-1251
-2868
6362
2219
-7954
-8696
-7750
4156
3158
5653
3618
-4685
1149
1052
-9610
-4568
-8898
3337
-4935
-8783
5876
4248
-2712
-9565
-6069
-1099
1220
-4081
-2850
-2692
9465
-7776
5080
8688
-9297
5455
-1548
9870
3038
4949
9067
5921
-1292
7242
5708
973
8945
8729
8549
8445
5157
6248
6039
-2937
3002
5287
8095
5172
6899
-1770
-8767
-2334
-7078
7460
3604
4571
-2656
7964
-6873
771
3238
3743
-8760
4157
-1793
8089
9950
-3940
7982
8775
-8603
7605
8019
-8610
9684
-3493
505
-3433
8369
31
-7460
1247
3215
-7115
6025
4930
8165
-1796
1518
4718
5268
452
-6157
3221
1593
4164
-8178
6325
607
-6998
-8439
-6519
1145
1521
-9676
-1237
-1217
-2635
-5539
-2690
7272
6856
1215
496
-6927
-3570
-3157
-686
6030
4483
4059
3925
-9667
-7876
9852
1813
-9749
-9112
5549
-1508
9340
-164
6672
-4539
-4212
8561
-1909
2791
-4501
-6572
3201
-9129
-2237
9031
4229
-7086
-8998
485
-3080
8439
8014
8803
-7017
-4024
8022
-6136
1100
-4389
-1965
-6860
612
3074
1367
523
4219
-7387
5918
-8938
7374
1195
-1883
-9653
4495
5401
-6226
-8235
9793
1138
4820
9580
4887
-5299
5356
768
-3904
-2662
6987
2351
-6057
48
-1117
-6101
-9725
-5611
8731
2107
-5061
6040
4785
-658
-1342
-4074
6488
-8750
9918
-2136
-7342
-4833
-6954
-1511
-494
3830
9957
-9752
-8103
-7292
5583
1099
-8102
4132
-8147
7294
3937
9229
-5739
2250
7173
-8448
-5960
5769
7565
7596
-2557
6829
-1743
3756
-7954
-9824
-580
-6107
3488
9078
8663
-5576
7441
6370
-7066
-9055
-7467
-6788
-1601
1885
-9133
3077
-498
3780
9210
8721
-7097
2573
-8161
-8966
4245
2939
-2995
8941
-7348
-1830
936
-6970
-6499
5598
-7792
9660
4014
1104
7222
-169
4004
-1883
-7883
-1774
7247
1907
8677
-7092
4232
5164
1070
6149
-597
-1758
-8288
7909
-5155
-6530
-8526
-4085
9387
5793
3825
-6689
938
9109
5340
-5700
-8035
-3202
-4045
-9710
4717
-1862
907
2965
3945
-8763
454
8435
1532
-9046
-2117
-2256
-797
180
1998
9354
-2419
-9312
-4994
499
925
-4045
1241
6851
5669
3247
8779
-2927
1545
324
8393
784
2566
1910
-9252
4811
8069
8036
-9072
4437
4166
-3852
2548
2607
5427
1881
-4274
6894
4990
5334
2636
-8800
-1273
3651
5111
-9154
-1864
-1628
-7443
-8831
4392
-6892
-8596
-8994
-6803
-6301
5515
-5851
9255
6766
7864
-4955
9223
7544
9661
-2078
-6542
2738
5214
-5230
86
-1129
7567
543
-8156
8946
4136
-7075
7186
-2429
7841
5838
1202
-8223
-9673
7247
-5778
-4289
9217
-3162
-7394
1971
-1242
-2666
-2187
4366
6118
-4585
-8597
6994
-3504
-2176
4411
8080
-778
-3312
797
-5726
-9995
5180
-7268
-9686
2121
-8073
-6123
1211
5999
6947
-9080
2983
-8544
-4287
3393
515
-25
-6663
6602
-2941
-3858
-9848
-3548
8091
-5844
-7974
-8493
-9755
5905
6918
-643
310
-2461
5833
-8541
8916
-2784
-9330
4151
3124
4958
-471
9316
6494
-3063
3060
-8778
-6990
-7446
-8388
3641
1299
-4708
558
3481
8438
6822
-3967
1951
-7530
6627
-8770
6988
9641
3022
-2506
-7399
-3668
4060
6736
-7893
9595
-6151
4515
-7171
8801
-9983
2640
-753
-6608
-3933
-3400
-3557
-1938
3710
-5368
8219
-9447
-411
6988
7719
4810
-3303
369
-1482
5711
-9702
-5332
-8615
4292
1373
-4127
-9223
2080
7460
-6169
-9788
-5608
-455
4842
-2117
5791
-744
-1095
-2518
-1966
2434
-2494
4295
-5898
-6413
-1359
-3155
-7018
3630
648
8185
-3930
-8755
3078
-5548
-8712
-3212
-9598
-8464
-9126
4551
-3220
9355
-5126
-5394
-3651
-191
-4903
5834
8600
4651
2972
-4942
-9850
-9348
197
-8296
7588
2418
5529
400
148
362
-9875
-5453
-5808
8665
-8967
-3455
5425
9557
-4104
-2649
-8218
1866
5720
2608
7848
8703
-4184
-8050
6368
-7045
-3308
-7251
-4332
-6479
-5654
-9609
7765
710
-7565
-4597
6027
-2131
7560
-8552
9043
-4346
5938
-2108
-2400
-1617
-5222
-8803
-1312
-160
5532
5815
1800
-2776
-1068
-6529
-4054
-3069
-5390
3711
2135
-4340
-4840
5820
9002
-7271
-9512
1389
-6286
4454
-2157
-1332
2887
-9075
646
4692
-397
-7682
4759
-2541
-4543
-5168
247
2392
-7555
-3811
-8028
5212
8923
-6821
2929
8603
-1094
-4439
-8711
4738
-136
-3429
-661
-1914
-4938
2014
8928
-2913
4797
-5352
3830
9559
6906
-8019
7119
103
8583
-841
-8940
-9118
-4386
-5345
3474
4619
-6597
-2369
2623
3690
-2524
-9362
-4845
-4546
-3807
-5713
2583
-8365
830
5134
9800
5985
-139
-4395
4810
-928
4029
-1823
-7980
4761
9844
170
8227
5191
-4910
6011
9633
-9949
-8077
3953
735
-3060
7188
3385
-5251
5999
4941
-3910
3609
-9901
2725
-4379
-4750
-1891
6527
-7417
-4257
-3206
-5498
4530
7129
-1157
-7705
8783
-2637
5247
176
7643
3307
454
-4631
8195
3788
-2839
3062
-4646
-3377
9769
7580
-16
-5616
-2548
6150
9173
7568
-4399
539
7663
-9572
3328
6736
-5896
-9853
-2746
-6934
-1865
1680
-8018
2545
-7318
-9127
8866
-8035
320
1784
8167
-1156
2585
9586
-2864
-3956
6284
-690
-7348
7586
-6641
-5189
-36
-7003
8137
4483
280
-2608
-2450
356
-5848
9156
2032
-5277
-3516
1311
-6855
-1928
7435
3040
4652
-4568
1088
2043
-9527
-5389
9248
9779
-1517
1196
9234
2821
780
5926
819
-4721
-1459
9297
3624
732
-9286
3973
4525
8433
6133
-8751
-5297
-4498
-3561
432
1534
4720
951
5042
-8423
1263
-3953
9688
-1918
-4324
3867
-241
7151
2597
-2401
-6979
7563
-3670
1947
-9866
814
-9246
-8773
-690
6706
-8884
-5138
-5574
7709
9364
-6817
4997
3541
-9985
9707
7347
9995
-6661
-7739
-3279
-3169
4884
3737
6422
4326
-9991
580
3450
4238
5999
-603
9360
-9952
8884
9003
1232
6193
2907
-7611
3466
-6186
6209
-8409
7714
-1391
6274
-274
6879
-7162
722
2539
-4363
-8715
-5956
-5108
-5019
-2719
-1028
272
-8936
2922
-660
-3897
4775
-1470
-8901
3785
-7322
-1369
7641
4707
-9487
1959
-1737
5184
-9132
-6417
1512
-7750
3589
2631
-6298
-7120
3136
-3875
-1800
-6709
-5600
-9668
-4173
-7952
5553
8901
-2990
2415
-2836
5223
-7450
-943
9014
-763
-6510
4544
6114
-4809
1446
-8327
-2548
1449
-6888
-3459
6213
-6475
410
-3928
-5066
-3235
-3408
7594
3361
384
9650
-5769
1849
7884
1683
-8478
-379
-1901
-8606
-6119
5189
4275
935
7835
609
7416
8012
-5007
6690
-3749
46
-4027
5740
-6247
-3812
9559
-232
879
2751
-4487
6613
-3485
5834
110
579
7591
5318
-3616
-5814
5265
-7404
-1438
-272
854
-9161
1718
4512
-7754
5266
3739
9993
-7374
1693
-6659
-662
-6913
9348
5261
3074
-9742
6187
-4483
-9324
5502
-7196
4285
7233
-8237
1960
-8603
6353
-4473
-5261
7123
-9287
4307
-8061
9280
-413
-80
-9772
2147
-8300
501
-4665
-7729
2733
4865
-3994
-446
744
-7913
-2383
-4796
-6363
-6618
-461
-2866
7857
-9186
8606
-6060
6985
50
-1246
730
-4275
2291
9502
-2748
-6022
8562
3822
-6948
8491
-9711
8270
6459
-7541
7130
3232
-1120
-9401
331
-1322
-6362
-7832
5876
-3114
-9420
8820
-7745
6067
-6919
6808
-3500
5899
-4611
3853
524
395
-943
5372
-3964
8174
-2860
-240
1846
-7032
-1298
2003
2090
-6130
-1211
-1390
5658
301
-191
-5715
9911
9475
-6069
-8828
-2155
5099
9935
158
3295
-3325
-8694
-8085
-7565
8913
-5585
-5733
3756
2469
-7096
6447
5067
-9229
3796
2675
2646
2917
-7159
-1672
6947
480
7782
9687
-7468
-4362
-264
1454
6711
-4540
-8891
-1269
2688
-1469
5442
-2456
4861
-6333
8890
-1678
-3095
-6864
1881
569
3478
-476
8007
-869
7368
-4207
4713
-3852
-2906
1015
-8591
4631
-5603
-7339
-5152
-8403
8746
-5184
-6749
-8078
9410
-95
374
5054
-2076
-5472
2530
8180
-8901
3886
1080
-6553
-8210
-8089
3282
4530
3344
5351
8542
-8174
-5956
562
-8103
-644
-7356
8454
2376
6917
932
4098
-7065
260
4488
441
-9114
-7761
2644
1405
1471
883
-9201
7535
5164
5922
-8893
4410
-6066
-65
6396
2381
-6703
-7327
-9234
-8527
3419
1624
3998
5150
-5414
1949
-4130
-5052
7404
6514
-3810
4768
-2862
1152
-9395
-1932
5637
-421
5488
-7790
1808
-7316
302
7006
-901
-979
718
3538
-6369
-3492
8770
-8775
928
7368
-808
-6109
-4920
650
-2472
2922
9830
-203
-6952
8853
763
8273
-3455
6848
3735
9301
-4240
2668
997
6288
-6309
1740
-1366
-429
-465
4200
-7340
8141
6934
9688
9521
6416
-822
-1002
9632
-2401
-3695
7936
-9008
8401
-2791
-190
3695
-5116
1690
7607
3110
-8173
-4125
8889
-3798
-723
-2178
5887
4684
3363
-6290
-9547
1629
-392
-6432
-4355
-5089
5040
5460
6478
2023
-4147
-316
-8784
2724
4767
3951
-8858
-4039
-6752
2623
-9859
6187
2371
3546
5865
-2248
-7683
-1386
6531
-8455
-361
-3234
4562
8616
-6238
-418
7888
5215
-5365
1002
-3065
8898
2783
-8660
-6052
-1567
4464
-2992
3297
4273
220
-8376
-5788
-5097
3447
-6995
-5863
7169
-9523
-7329
2326
-4385
-7678
-7059
235
-659
-6534
-5077
-2498
4349
773
1377
4120
-8370
-9850
6854
-6395
7923
2641
6218
3411
-3801
8854
-9578
-8832
6447
4623
8771
-4777
-2958
9167
-767
-6284
8491
1153
-6593
278
5321
-9508
1815
8591
-6525
7440
-9864
-1862
1852
4517
368
947
-6083
7131
-9699
-9043
-6523
4884
4113
-5140
5760
-9759
-9161
8817
9477
-773
-3712
-4043
7142
6353
8888
-9912
-8767
-899
9458
-3331
8394
-903
-7746
-2294
3850
-7680
8051
-7841
9361
-9504
2979
7092
-5605
-5309
-8096
677
-2026
-2046
-5586
2068
9838
2340
-1459
8728
9057
3233
5864
1419
2653
-9095
-864
1022
7179
-584
7484
1471
2925
-2480
-7806
8965
-4685
-5953
-7941
1333
7781
2720
-5972
4329
5824
3556
3022
-1260
9051
-9179
-1677
-452
-1968
3441
586
-9508
829
-2225
-5464
-8340
9360
-4685
3696
-1954
9958
-6331
-4905
-7552
-6211
6631
204
1641
2881
7053
-1059
-1995
2624
1295
-8993
1026
6326
-9835
-8103
-2674
-1684
6163
1297
-8017
2430
-4798
5942
-3487
-4256
-8784
2921
-4486
3924
8767
7282
8247
9905
3348
-6189
3071
9219
-8782
9571
4738
9231
6432
-2934
3894
-3602
-2001
-2316
2839
-6938
-6360
-9777
3954
-4247
-7747
-1226
8417
-7767
-3265
-8642
-9559
-7016
1033
-3034
2921
-6369
292
4781
-5183
-8543
1871
-5896
-1551
-2028
4475
-6586
6760
8623
-1038
1781
-7335
3476
-3584
-6830
-372
9005
-1984
-2736
4679
-43
-9763
5605
-4891
2981
-7094
-7798
7091
-4884
7266
-8402
-9601
-9045
8546
-6790
-2718
7405
3654
-9335
1320
791
259
3456
7820
-8709
-7305
9915
-2001
9691
3375
-4957
-9775
-6546
-5524
-1541
1589
-6164
-9227
-4315
9294
-7458
-8076
-1637
-1580
-3158
-6523
9453
-5095
-8862
5097
1236
-1117
-9386
-4566
3885
-3932
5808
-9329
2125
-4736
6330
-7114
8343
-8584
-7584
-4822
-1941
4283
2393
-497
2631
-7697
-908
1582
7785
1549
-6124
3676
-4437
-1215
-8663
7855
4936
-1487
8855
-5001
-7319
-5023
-8295
3230
2030
-3738
-5480
7379
-2830
-5986
5602
251
-5101
-6031
8986
-3730
-334
473
-2028
-3472
9395
-5423
4975
7071
2150
-9169
74
-9364
1402
9109
3167
7520
833
-1113
-2751
-8077
-1540
-1931
-5630
-2761
-5632
-301
-672
-1925
-6811
-5751
803
-5154
59
-7088
3217
-2999
801
8757
2225
5353
4978
-5794
-4633
5280
2182
-5395
-4560
570
1701
7732
6137
-7886
-247
9142
-6671
-5246
-6532
-6208
-9460
-1676
-4649
-580
-1819
2526
-9376
-848
-7390
3866
-9145
-9772
2421
2480
-3877
1834
107
2337
9891
7324
-9837
-1859
6160
-7606
-1541
-470
-9522
-9143
2781
-4247
-5494
-3118
-6475
-8939
-4890
-4439
6576
-9434
996
1778
-5522
5865
8627
-9981
-7244
1821
-5617
7890
-5394
2281
5604
-3316
8681
6933
-3907
-2100
5875
8461
-3411
-4169
-1427
626
9028
-6266
3691
4483
-247
9336
-3003
2979
-8456
9218
7014
-3903
-5400
-5197
-1031
3008
-4880
6897
-8194
-4677
-2332
-8021
7183
-3912
-9627
2236
5582
1018
8983
709
-4518
-4549
-5578
-9355
9781
-4485
-2814
6160
-1606
8601
-3504
9464
-5849
836
-1733
-2748
9238
1004
-9914
354
3348
-8263
-5806
-5718
9883
-9891
218
-9696
7334
-7038
-8434
1475
3253
5056
8374
-5784
155
5005
9305
5592
1359
-2558
6740
7450
-5285
-8521
2866
-1299
7827
-7582
9654
-5928
5341
-5630
474
7261
6169
9686
-957
-8942
6576
1833
8758
3218
-116
-5810
1432
4129
4706
220
-3400
2962
7578
942
-1296
5772
-8072
7520
6847
-8576
-6335
490
-3304
1488
-6417
-6367
4145
8847
-4894
-8457
-6579
-3675
-215
-4018
1079
6344
5714
5004
1873
-7153
-2352
7986
2688
7614
4030
8931
8675
-5560
8201
-9702
8613
-5450
3483
4215
-889
-2637
8997
-1018
4130
-9768
3509
9194
2535
-69
-7339
5760
-585
-1067
-7325
-7776
1197
8747
2214
2369
-989
-9908
-213
8478
-372
-3878
4386
9120
2002
5789
2068
-6709
3106
-6764
-6196
2514
-1743
7014
6423
6558
647
7299
212
9031
6634
4901
-6605
-6936
-6014
-5387
8087
-2663
-830
-3530
-4757
1199
-1952
9113
-740
-1583
-9211
1364
1652
4803
-585
-8430
9559
1930
-2063
2032
-3277
-1774
2851
-5416
1577
5907
-957
-8649
-1337
4997
5982
6411
-4742
-5886
9613
6632
4964
953
9727
9669
-6411
4645
945
-3402
7538
4092
-6050
4540
-8498
-4500
8779
9106
-3820
-2990
-143
9854
5382
3093
-8649
-3360
-6443
-5544
9330
3185
-5476
1180
537
7240
-5545
-1339
2207
4220
3866
6376
-759
7982
3180
1219
2973
-1335
-7353
-2769
2488
-5610
5402
-446
-2319
6377
-9954
-362
-3566
9889
8891
-3724
-4091
-6093
7891
-5559
1997
-7057
1791
3292
625
-6892
-1292
1243
2503
9963
783
6504
-268
-1192
7940
-3311
-5494
4630
-6236
4572
6418
-7819
-5791
8514
8145
7382
-3257
3490
5472
6415
9905
5614
-9068
8907
-7749
-1498
-964
-9604
-4808
-2518
2202
9490
-6678
7674
-8442
3147
7680
194
4917
-3240
4654
-7501
5551
-2007
-1141
-7873
-1258
-3335
2648
-6518
-7258
676
-5017
-6537
5606
-1356
-4433
3940
4611
4862
1655
5534
9785
3407
-9198
-3039
-9961
-1913
3113
4427
8778
7560
7373
-1656
6314
869
-473
-216
-8342
-9197
-4861
-6426
6432
574
7439
-6220
-9993
-3740
213
7633
2382
-1499
7718
3509
4023
938
2046
1830
-638
-5297
-8701
-2739
-4746
-7036
-2
2606
-9171
-8451
-8081
4428
8437
-4583
1582
-5270
1156
6162
-3801
-4776
-6437
9609
1683
5063
-7693
9026
9662
1837
-8451
-6390
-816
-9251
3568
2487
5004
-1878
1130
-7564
-3103
-7072
7261
5001
-903
4586
-5676
-3339
-2898
-5028
-1008
-7322
3498
2559
5843
7479
1408
-6076
-6649
-634
-4466
-3907
2381
5746
-4258
-1451
1771
-1444
-2983
3006
-613
6028
-7143
-2933
-3648
7017
2203
-8134
-6486
9422
-3175
-5716
-4567
-7366
-2038
8860
-799
-7213
-8128
-7080
1175
3503
3556
-33
2953
5319
-8
705
-2937
-300
-582
483
9277
-1547
6691
7769
-8047
2250
4824
9211
8133
333
-5457
-9183
-4661
8427
-9857
2340
6073
-2254
5017
6580
3535
5127
4155
3023
-3869
6770
5902
3797
4551
8857
8829
-1000
-2527
-8492
9177
-1500
-4465
-9432
1972
3978
-2185
-8189
7091
1308
6940
-4216
6396
-840
-9569
-6491
8346
-9673
-6316
8755
-5125
7332
4030
-1917
-3158
9139
-1842
-4725
1679
8464
-839
4466
4423
-5310
8437
-7931
8495
6053
7272
-7733
-3972
7186
-1335
7449
6185
-9784
-1561
-8993
-9258
-4384
-3028
-5510
-5470
6229
-596
-4067
624
7350
4867
-5948
7369
9017
3391
-6558
-8468
-9257
-4210
4553
-7338
3867
-942
9632
-5472
588
-6017
-6418
-258
713
-9752
-9462
3882
6147
2003
8825
-2800
-2078
8010
-2014
6646
3059
-4958
-5641
9440
-5486
8627
1857
7973
722
-2425
-7870
393
-4815
5635
9948
4321
4394
7756
-732
-8342
2589
-3932
2122
-5750
-3823
1787
1787
-2485
-8126
-3965
-941
3360
4142
753
321
-739
-2140
-5110
915
-6518
-3026
-6429
-2860
9344
-5457
1204
1226
7035
-8034
6171
4482
4413
-3546
1479
4949
-3816
847
9166
3433
8789
-3366
1815
-9882
-803
-1770
3978
8906
-5402
5333
-1616
3252
6603
-197
-3105
716
-3368
6675
905
-9101
4789
-881
3514
3606
-1715
-5821
2994
-5492
7776
3081
8879
8072
-9110
-5518
2311
1070
-9274
2758
9634
2099
-2341
-3940
455
-8963
-4201
7796
7482
9124
-7610
-1156
348
5184
6346
-2297
6727
3864
4387
-3317
-1523
8316
3581
-1344
5186
-9477
4787
-1857
947
8793
-2631
6159
-4583
-2180
4975
-9995
4990
-3540
-9923
9196
6198
249
1850
4283
-3648
6599
-40
-5545
820
1168
4338
7834
-5738
-7810
-2839
-7521
9298
-5882
-8085
-1370
6619
-2155
9081
-5993
2086
-9041
6960
7310
7318
-7932
8579
5197
1959
-1629
-2345
-3292
1403
-1807
647
1449
486
9884
-5697
-5521
-2197
6748
3645
7663
-2035
6981
-6527
8703
-5450
4204
-6608
3513
-7634
-7470
-7926
-4949
6548
-2456
-3049
-5548
-8631
8116
3280
2805
7555
-7698
6908
-6892
-498
5104
506
-1365
5815
4029
4836
-4985
9348
-1074
3406
3762
-9915
-3666
6824
-8731
-8791
9464
359
632
6365
-3215
-9456
-1866
-8255
8404
1320
-5686
6304
277
4484
-8095
8597
1933
-4507
-8926
1162
-8065
-3425
-9950
1520
-3916
-7084
5651
-9982
-4582
-9047
-9536
-4058
-6400
784
-7817
8300
4179
-5009
6131
4187
6583
5346
3605
-6492
-9009
-8800
8358
7501
-9189
-69
4823
4913
7786
2794
987
-3540
-9560
2543
-203
-3799
5852
-93
394
4816
-3930
9263
-1433
-4074
7347
6746
4872
-1444
-9739
8110
4857
848
4575
-8270
7460
165
8187
7741
-8433
8507
6650
1802
7789
-1257
-2603
-4315
7950
-3109
-9840
5881
2955
4852
-7117
8367
-645
6365
-4097
9934
3154
3838
-9535
-1877
-5577
9246
6106
-2652
-454
7143
-894
-8532
8572
823
7709
-2807
2599
7844
-8312
1877
-792
-5110
-2701
7473
9332
8593
1704
7003
-1115
7883
4484
-1736
-1160
-2292
-4671
-1612
3892
-5754
-6559
5195
592
4661
6978
-1311
-7399
-6358
3558
-1991
-2772
-4406
-5949
-9202
-3301
1907
-442
-3947
5997
4425
-7842
-3502
5749
9149
5847
-8204
3417
-7173
2126
3966
-8491
-7281
-9899
-1883
3846
6667
-9007
4145
5122
6045
1704
3213
-7926
-7397
9470
4922
-2205
44
46
-5371
-3927
-4787
-4463
-2499
3592
5873
-6205
2976
2057
184
-4583
-7590
-9412
5941
-8984
-6778
-5736
8337
-1800
6770
-7016
7404
2619
-3506
-1216
-3464
4938
-522
2519
1159
-6728
-7200
-8007
9820
-5936
-7760
8955
7334
-3404
-3669
9265
403
6774
1224
-2518
-4777
-9110
-5770
-7721
-9433
-492
-9533
3871
-9352
-376
-302
-6984
-3529
4112
1351
-6577
-4073
-2904
1122
8352
9500
-7187
-7901
-3785
8082
-7570
-3406
2172
5482
-8058
-9462
-7929
-9111
-4192
7339
-3587
5233
983
9057
-2360
3361
4584
8737
5083
1271
7666
-153
7357
-2980
-1226
-3577
9281
8540
-6386
-1459
6441
8295
2380
-2820
7568
-6888
-6898
-4688
-9038
-4269
8333
-3943
1450
606
-3454
1538
-5145
-1580
-3968
-9632
-8592
4976
-6246
-7236
-4475
-333
3252
29
3427
-4633
-8135
1417
-8231
-7900
-4963
-1376
-7312
-4031
-7913
-7641
-5303
-8841
7803
-7390
7630
-6747
8282
7566
-220
-6062
-7849
-6839
-9974
-2318
-807
-3465
-7567
-843
3162
-4671
8799
6017
-3589
-1590
-8495
-4534
-8319
-5176
-2551
7609
685
6261
-9017
-3968
5712
7666
5356
8354
8613
8976
-9970
-9351
-1391
-3309
-2027
-965
8078
-3277
3650
9982
9404
-8844
8045
3233
-2036
-5854
-6218
-8495
5974
8020
-6212
4929
3491
-2232
2495
-8554
-9599
6035
8192
6691
-7636
7368
6600
-4474
4913
-4570
-7747
2645
4804
3318
3881
-9504
-9205
-5376
-4467
2663
7942
-4739
-928
482
8058
-840
-1260
5025
2203
-8072
537
7964
3970
-4968
7063
296
8097
-4400
-9955
-2306
1505
-8569
981
5100
4899
6722
2313
5227
3293
-2902
6283
5716
7594
-7161
-8233
6726
9335
-5864
3388
-9055
3858
1927
3882
7476
-6462
-2329
8512
7157
-4798
2815
778
9855
-799
-113
9810
8879
-1730
-4743
-3447
547
-7379
5819
6234
-5564
-1464
-9225
-8907
-2007
5944
9892
-3124
-4291
-5256
6340
4258
-6978
1939
2788
7436
6477
6579
-3177
-7321
1084
7756
-1760
-805
-1160
4012
-862
8744
-839
6335
5501
-1613
-5483
791
-7176
-3202
3198
7403
5881
-794
-2031
-7182
-4619
2124
8062
-2209
-4508
5814
7073
1826
-8260
-7046
-4673
7938
3452
-717
9758
232
326
9019
4636
-5676
1090
-2154
2493
6178
8974
5825
6930
5222
8887
-8472
-4944
1032
-1402
9381
-3285
-4846
4052
-6735
-4952
3715
2602
2266
6633
-4990
-5834
1521
193
6191
4434
6498
6179
-1711
-4610
-4759
7898
-9353
-2194
-9589
899
8287
-4702
6245
-2802
5774
-9436
-3142
4809
-7580
-5794
-8630
-5775
-6458
-9005
-6027
8796
6283
3022
-4283
-3571
-5931
204
4295
-6695
-1574
695
1094
-13
3256
-9237
7468
-2299
-3352
-9429
6190
-8968
8332
4593
-2571
6469
3002
-8968
1339
-2981
4732
-6647
-3014
4598
-9615
-1931
-6223
-6632
-4265
1310
-195
9281
-2899
-5841
-6632
6099
-645
-9208
959
3049
9200
-4626
5143
9260
-1040
-7749
7251
7540
9716
9948
-5745
3595
9560
-4910
526
-570
-6575
-1785
255
-1391
-7211
-2373
-2981
-5307
2256
-9762
-8521
6194
8529
3712
2075
-5295
-2107
-5077
-3595
2732
2429
-7670
4217
7034
-1448
2868
1074
9032
-3991
689
-2649
7631
-3064
7675
-6384
1471
-2563
6717
-7341
8867
-9294
6610
-2493
-1150
9812
3822
-7898
1724
7089
7983
4428
-2330
-8679
8214
3539
-7994
-750
-4995
-2259
4914
7511
2393
-3150
-8675
4838
-7949
943
8094
-1117
181
1103
-9643
4603
3012
1159
-8143
4180
-6885
1342
-6558
130
8074
-6467
-5643
-9079
9662
-595
4700
-2871
-9290
-6704
5524
9864
3728
6070
-9873
-6834
1925
-1166
7283
153
-6430
3603
-9569
7374
8665
4672
9092
-3741
-439
-1553
-1145
3766
1875
-361
147
-4061
-7935
-1422
-7723
-1046
6474
-4192
-4551
1293
458
-4150
-1038
-5022
9809
-9411
3839
-3832
309
5890
-8583
5601
-2847
1681
6891
2174
-3804
-1266
-9022
-3015
-4988
-7805
-5616
-3506
-6058
2513
-2541
-7628
-1655
-3503
8802
4813
8631
3068
-1655
1460
-2659
5768
-8115
8900
3413
-6447
-8425
-1557
1298
601
-6884
-1881
9914
228
-3799
-9696
4925
-2038
1697
-6823
-6477
5340
5988
6977
-2217
-5428
1198
-326
-2647
-6412
-2293
-8429
2840
2074
-6837
-4710
-2386
-4117
-9935
-9343
-175
4558
4291
-6667
-3827
-8252
883
-7615
3176
3948
1203
7829
8486
1162
7607
-7526
-6816
-7405
-3117
-5378
9760
-8087
9402
-6360
-8022
-3154
-7361
8820
1802
-7137
7111
-6178
5480
-5431
9394
-1169
-5452
9814
1002
5833
120
86
9287
-8894
-1604
7082
1216
-1310
-6562
-3813
3434
-5470
7622
-8152
1195
-9280
1582
-770
7052
-1363
9468
-6827
-6429
-4077
-3588
-3744
-7421
-9943
7784
516
6248
6730
9893
-5215
6877
5062
3590
-8394
-1761
3549
3046
9316
2949
7672
-9025
9425
6210
-3117
9497
7104
3434
-7088
-9694
-6747
-9074
2117
4195
-3650
-2195
1481
-353
787
-4365
-9039
-4231
-9097
-1675
1929
2292
1559
-8960
-5261
5131
9411
1231
2734
4477
9848
-5918
-6150
-3442
-4387
9916
-152
-4728
-7855
-1754
2404
3170
7718
-3316
8541
-8115
-5391
-1229
-4580
2275
-918
5815
7439
-1445
-9697
3772
1965
2528
-2055
-7185
-8890
-9880
-9106
3937
9895
2533
-7667
4981
-9127
-8941
7696
-2939
-2703
-1565
-759
-5803
-3471
-4420
-3305
6826
1639
-8123
-4734
-7986
-2418
-7936
5563
262
4329
-9074
1588
-2784
3648
-1611
-3487
-7117
6826
3275
5556
276
1305
8695
7273
8093
-5351
-8320
-6489
-5114
-2551
3786
-3916
-4327
8826
-7543
-4214
-5254
4556
6604
7821
2422
5962
6624
-3733
-2874
5534
4344
-9058
-6333
5300
8580
-5163
-4826
4915
2417
1929
4444
-2080
6879
8784
-7052
9901
3273
4254
5922
9374
-3446
845
3510
-4942
-1405
-4454
4721
2341
617
6313
-4920
6988
-9547
-2993
6899
-8688
-9419
-7523
-1369
2877
210
7901
-7678
8488
4106
-5001
-1216
6248
-2231
7268
-8897
-1845
-9151
4703
-8439
-6092
-9432
3926
-7543
527
3654
1947
9247
5660
-5153
-883
8658
-8561
-7680
1268
9341
-8883
9729
-3221
-4064
-6143
-5305
-7406
8801
-7759
-4425
-3651
9205
9985
-3212
-7727
-754
5789
3775
3185
3811
2622
2184
2699
6064
3085
8313
6707
3165
1476
7665
2026
2362
-5306
-1181
-8766
9562
1801
-3578
9788
-6989
-3092
9730
9324
9541
-4245
8987
-3709
-705
-4184
-7571
-9532
8891
-6420
-3487
-5145
-523
2143
-3898
8215
-1936
5213
-3106
2140
-6366
-5274
-1503
-5440
6701
4341
-5563
-5861
1700
-8890
-635
-4620
-4743
-6695
-1135
-1015
-3207
-1775
-8157
-2156
-4387
8430
719
-1906
-5636
-4662
-9553
-7558
-8338
3756
-7888
4801
6252
-9571
7976
3571
2106
-9602
-1666
1723
-5457
6209
-3889
-5046
-1932
1504
2316
-4168
-8746
8039
5132
1237
-9481
2476
-6854
5599
-1358
4791
-689
9309
8200
-6264
4317
3560
-5972
-1934
-6868
-5227
-9574
8941
-8500
-9398
2772
-4801
2544
3656
7555
4877
3073
9073
-5588
1783
-5754
9752
-3719
5797
-7722
2222
-6154
-9615
5984
-1293
-1888
-9172
-9943
-3038
9980
-8873
4683
2772
-4065
-4340
-2561
-3230
202
2301
2407
8836
-1255
-4843
-77
1875
5331
-2533
7608
4131
-4132
-3839
2746
6347
9278
6792
-5663
8839
5983
3953
3937
-7628
-2617
7480
-9377
-7136
3801
-8453
-1984
-2554
7646
4562
1897
-4732
1767
132
-5311
3943
-6232
-9239
-661
938
5498
56
4530
-490
-4020
7964
-8712
3438
3680
-5316
3041
2484
-4432
-9048
4670
1519
8024
-5375
4957
-1468
1097
5805
-1634
1538
-345
6882
9711
-8557
3516
1757
2207
-5165
-2369
8429
-7567
5665
6877
-9582
2873
550
-9987
2041
-2587
-6751
9033
4118
-9507
-4640
-4232
-702
5886
-8177
-9857
6080
-6451
-2218
6993
211
894
8831
-8303
282
-7405
-1123
5553
2310
122
-6097
7170
7328
8299
5196
-3266
4310
-8524
6239
-1853
1814
-6385
-1231
9693
7837
5454
-5652
6706
-8078
7217
1222
-9202
370
-6256
9331
-1120
2185
1343
-7375
7072
-7414
5740
8043
8010
-758
1178
-5324
4592
-8483
-3347
8364
4829
6348
-7651
7492
904
9271
-8128
-2727
-4556
296
-8057
358
-126
7452
2964
-6482
4957
-4476
4879
4654
-5067
-7121
-6539
5849
-8796
7800
-7709
8169
-8678
-3176
6788
-9842
-4675
-2113
-7066
1323
5261
-173
-7314
-1423
8111
5762
-4623
3407
2494
-1968
-9543
-1818
1350
5441
-7158
8732
7191
-2993
3192
4954
-1248
-7114
-8679
-7422
4931
-9538
2661
9873
-7499
7004
4615
-1274
4746
-9554
-9484
7627
-1297
-4779
3982
3676
4178
6343
230
-5876
-7622
8715
3175
-9533
-3743
9165
327
1210
-4915
3204
-8286
-6500
6400
2163
-2816
-9225
8998
-7908
-885
-3112
3061
9687
4507
-8892
-9167
2924
7826
-2480
-7025
-5727
-8641
-7810
-4706
-7845
-5724
4191
-7223
-228
6081
-9818
-8757
-1890
-707
16
4153
-8233
8380
3036
-2094
1243
-1425
6485
-1615
-4709
-3576
-7024
-3480
-4588
-3664
6325
-2358
6183
-6010
8781
139
4484
1880
-3685
-7760
8448
9381
5440
3412
3808
3343
5308
4184
-3839
-998
2232
4201
816
2622
8319
8642
4174
2485
3273
3447
4893
-8907
175
-4659
-4614
6931
-8
7684
8786
8308
-5573
-3453
-3108
-632
8812
7627
-6846
2927
-3019
-1736
8669
-7434
-8206
6389
-6188
-5860
2109
5448
-5141
6647
-7783
-7818
-7669
-2764
-4855
4109
-2244
6958
7840
5666
6867
8268
-9178
-4490
-5258
6551
261
4379
332
8125
-1533
4575
1690
-1216
-9218
-7224
7462
-3760
-9534
3229
8111
-1564
-3870
-1683
-6404
5740
-8891
8141
4949
7058
-9469
-1134
7068
482
-4413
-5060
3019
414
-8665
7369
-8739
-1764
970
-2804
4090
-4863
-8246
-421
-4416
-2722
4890
-1669
25
7712
2112
-276
-1947
2838
-887
8640
7306
7621
7101
-9685
-916
8964
5596
-3358
6021
-3380
